1,1,121.78,334.4,133.52,58.80000000000001,1,1,1.0
1,2,210.34,251.29,93.03,40.62000000000003,1,1,0.0
1,3,735.78,266.64,69.88,39.75,1,1,1.0
2,1,109.6,338.5,123.26000000000002,58.089999999999975,1,1,1.0
2,2,210.34,251.34,93.03,40.619999999999976,1,1,0.0
2,3,721.31,268.59,71.20000000000005,40.07000000000005,1,1,1.0
3,1,97.42,342.6,112.99999999999999,57.389999999999986,1,1,1.0
3,2,210.34,251.39,93.03,40.620000000000005,1,1,0.0
3,3,706.84,270.53,72.52999999999997,40.400000000000034,1,1,1.0
4,1,85.25,346.7,102.72999999999999,56.68000000000001,1,1,1.0
4,2,210.34,251.44,93.03,40.620000000000005,1,1,0.0
4,3,692.37,272.48,73.85000000000002,40.71999999999997,1,1,1.0
5,1,73.07,350.8,92.47,55.97999999999996,1,1,1.0
5,2,210.34,251.49,93.03,40.620000000000005,1,1,0.0
5,3,677.91,274.42,75.17000000000007,41.05000000000001,1,1,1.0
6,1,60.89,354.9,82.21,55.27000000000004,1,1,1.0
6,2,210.34,251.54,93.03,40.62000000000003,1,1,0.0
6,3,663.44,276.37,76.4899999999999,41.370000000000005,1,1,1.0
7,1,48.71,359.0,71.94999999999999,54.56999999999999,1,1,1.0
7,2,210.34,251.59,93.03,40.619999999999976,1,1,0.0
7,3,648.97,278.32,77.80999999999995,41.69,1,1,1.0
8,1,36.53,363.1,61.69,53.85999999999996,1,1,1.0
8,2,210.34,251.64,93.03,40.620000000000005,1,1,0.0
8,3,634.5,280.26,79.13999999999999,42.03000000000003,1,1,1.0
9,1,24.36,367.2,51.42,53.160000000000025,1,1,1.0
9,2,210.34,251.69,93.03,40.620000000000005,1,1,0.0
9,3,620.04,282.21,80.45000000000005,42.35000000000002,1,1,1.0
10,1,12.18,371.3,41.160000000000004,52.44999999999999,1,1,1.0
10,2,210.34,251.74,93.03,40.620000000000005,1,1,0.0
10,3,605.57,284.15,81.77999999999997,42.68000000000001,1,1,1.0
11,1,0.0,375.4,30.9,51.75,1,1,0.0
11,2,210.34,251.79,93.03,40.62000000000003,1,1,1.0
11,3,591.1,286.1,83.10000000000002,43.0,1,1,1.0
12,2,210.34,251.79,93.03,40.62000000000003,1,1,1.0
12,3,574.17,288.32,84.93000000000006,44.01999999999998,1,1,1.0
13,2,210.34,251.79,93.03,40.62000000000003,1,1,1.0
13,3,557.25,290.54,86.75,45.049999999999955,1,1,1.0
14,2,210.34,251.79,93.03,40.62000000000003,1,1,1.0
14,3,540.32,292.76,88.57999999999993,46.06999999999999,1,1,1.0
15,2,210.34,251.79,93.03,40.62000000000003,1,1,1.0
15,3,523.39,294.98,90.40999999999997,47.099999999999966,1,1,1.0
16,2,210.34,251.79,93.03,40.62000000000003,1,1,1.0
16,3,506.47,297.2,92.23000000000002,48.120000000000005,1,1,1.0
17,2,210.34,251.79,93.03,40.62000000000003,1,1,1.0
17,3,489.54,299.42,94.06,49.139999999999986,1,1,1.0
18,2,210.34,251.79,93.03,40.62000000000003,1,1,1.0
18,3,472.61,301.64,95.88999999999999,50.170000000000016,1,1,1.0
19,2,210.34,251.79,93.03,40.62000000000003,1,1,1.0
19,3,455.69,303.86,97.70999999999998,51.19,1,1,1.0
20,2,210.34,251.79,93.03,40.62000000000003,1,1,1.0
20,3,438.76,306.08,99.53999999999996,52.22000000000003,1,1,1.0
21,2,210.34,251.79,93.03,40.62000000000003,1,1,1.0
21,3,421.83,308.3,101.37000000000006,53.24000000000001,1,1,1.0
22,2,210.34,251.79,93.03,40.62000000000003,1,1,1.0
22,3,401.63,311.63,103.86000000000001,54.19,1,1,1.0
23,2,210.34,251.79,93.03,40.62000000000003,1,1,1.0
23,3,381.44,314.96,106.33999999999997,55.14000000000004,1,1,1.0
24,2,210.34,251.79,93.03,40.62000000000003,1,1,1.0
24,3,361.24,318.29,108.82999999999998,56.089999999999975,1,1,1.0
25,2,210.34,251.79,93.03,40.62000000000003,1,1,1.0
25,3,341.04,321.62,111.32,57.02999999999997,1,1,1.0
26,2,210.34,251.79,93.03,40.62000000000003,1,1,1.0
26,3,320.84,324.95,113.81,57.98000000000002,1,1,1.0
27,2,210.34,251.79,93.03,40.62000000000003,1,1,1.0
27,3,300.64,328.28,116.30000000000001,58.93000000000001,1,1,1.0
28,2,210.34,251.79,93.03,40.62000000000003,1,1,1.0
28,3,280.44,331.61,118.79000000000002,59.879999999999995,1,1,1.0
29,2,210.34,251.79,93.03,40.62000000000003,1,1,1.0
29,3,260.24,334.94,121.27999999999997,60.829999999999984,1,1,1.0
30,2,210.34,251.79,93.03,40.62000000000003,1,1,1.0
30,3,240.05,338.27,123.75999999999999,61.78000000000003,1,1,1.0
31,2,210.34,251.79,93.03,40.62000000000003,1,1,1.0
31,3,219.85,341.6,126.25000000000003,62.72999999999996,1,1,1.0
32,2,210.36,251.89,93.02999999999997,40.620000000000005,1,1,1.0
32,3,197.86,346.15,126.50999999999999,63.860000000000014,1,1,1.0
33,2,210.37,251.99,93.04000000000002,40.620000000000005,1,1,1.0
33,3,175.88,350.69,126.75999999999999,65.00999999999999,1,1,1.0
34,2,210.39,252.09,93.03000000000003,40.619999999999976,1,1,1.0
34,3,153.89,355.24,127.02000000000004,66.14999999999998,1,1,1.0
35,2,210.41,252.2,93.03,40.620000000000005,1,1,1.0
35,3,131.91,359.79,127.27000000000001,67.28999999999996,1,1,1.0
36,2,210.42,252.3,93.03999999999999,40.620000000000005,1,1,1.0
36,3,109.92,364.33,127.52999999999999,68.43,1,1,1.0
37,2,210.44,252.4,93.03000000000003,40.619999999999976,1,1,1.0
37,3,87.94,368.88,127.77000000000001,69.57,1,1,1.0
38,2,210.46,252.5,93.03,40.620000000000005,1,1,1.0
38,3,65.95,373.43,128.02999999999997,70.70999999999998,1,1,1.0
39,2,210.47,252.6,93.03,40.62000000000003,1,1,1.0
39,3,43.97,377.97,128.28,71.85999999999996,1,1,1.0
40,2,210.49,252.7,93.02999999999997,40.620000000000005,1,1,1.0
40,3,21.98,382.52,128.54000000000002,72.99000000000001,1,1,1.0
41,2,210.51,252.8,93.03000000000003,40.620000000000005,1,1,1.0
41,3,0.0,387.07,128.79,74.13,1,1,0.0
42,2,210.52,252.9,93.03,40.619999999999976,1,1,1.0
42,3,0.0,391.28,104.15,69.92000000000002,1,1,0.0
43,2,210.54,253.0,93.03,40.620000000000005,1,1,1.0
43,3,0.0,395.5,79.5,65.69999999999999,1,1,0.0
44,2,210.55,253.11,93.03999999999996,40.620000000000005,1,1,1.0
44,3,0.0,400.9,51.7,60.30000000000001,1,1,0.0
45,2,210.57,253.21,93.03000000000003,40.619999999999976,1,1,1.0
45,3,0.0,406.5,24.7,54.69999999999999,1,1,0.0
46,2,210.59,253.31,93.03,40.620000000000005,1,1,1.0
47,2,210.6,253.41,93.03999999999999,40.619999999999976,1,1,1.0
48,2,210.62,253.51,93.02999999999997,40.620000000000005,1,1,1.0
49,2,210.64,253.61,93.03000000000003,40.620000000000005,1,1,1.0
50,2,210.65,253.71,93.03999999999999,40.619999999999976,1,1,1.0
51,2,210.67,253.81,93.03,40.620000000000005,1,1,1.0
51,4,955.26,243.46,4.740000000000009,36.71000000000001,1,1,1.0
52,2,210.69,253.92,93.03000000000003,40.62000000000003,1,1,1.0
52,4,950.13,241.64,9.870000000000005,40.19999999999999,1,1,1.0
53,2,210.7,254.02,93.04000000000002,40.619999999999976,1,1,1.0
53,4,944.99,239.81,15.009999999999991,43.69,1,1,1.0
54,2,210.72,254.12,93.03,40.620000000000005,1,1,1.0
54,4,939.86,237.99,20.139999999999986,47.170000000000016,1,1,1.0
55,2,210.74,254.22,93.02999999999997,40.619999999999976,1,1,1.0
55,4,934.72,236.16,25.279999999999973,50.66,1,1,1.0
56,2,210.75,254.32,93.02999999999997,40.620000000000005,1,1,1.0
56,4,929.58,234.33,30.41999999999996,54.16,1,1,1.0
57,2,210.77,254.42,93.03,40.62000000000003,1,1,1.0
57,4,924.45,232.51,35.549999999999955,57.639999999999986,1,1,1.0
58,2,210.79,254.52,93.03,40.619999999999976,1,1,1.0
58,4,919.31,230.68,40.690000000000055,61.129999999999995,1,1,1.0
59,2,210.8,254.62,93.02999999999997,40.620000000000005,1,1,1.0
59,4,914.17,228.85,45.83000000000004,64.62000000000003,1,1,1.0
60,2,210.82,254.73,93.03000000000003,40.609999999999985,1,1,1.0
60,4,909.04,227.03,50.960000000000036,68.10999999999999,1,1,1.0
61,2,210.83,254.83,93.03999999999999,40.619999999999976,1,1,1.0
61,4,903.9,225.2,56.10000000000002,71.60000000000002,1,1,1.0
62,2,210.85,254.93,93.03,40.620000000000005,1,1,1.0
62,4,897.64,225.2,62.360000000000014,73.38,1,1,1.0
63,2,210.87,255.03,93.02999999999997,40.619999999999976,1,1,1.0
63,4,891.38,225.2,68.62,75.16000000000003,1,1,1.0
64,2,210.88,255.13,93.04000000000002,40.620000000000005,1,1,1.0
64,4,885.12,225.2,74.88,76.94,1,1,1.0
65,2,210.9,255.23,93.03,40.62000000000003,1,1,1.0
65,4,878.86,225.2,81.13999999999999,78.72000000000003,1,1,1.0
66,2,210.92,255.33,93.03,40.619999999999976,1,1,1.0
66,4,872.6,225.2,87.39999999999998,80.5,1,1,1.0
67,2,210.93,255.43,93.04000000000002,40.620000000000005,1,1,1.0
67,4,866.34,225.2,93.65999999999997,82.28000000000003,1,1,1.0
68,2,210.95,255.53,93.03000000000003,40.619999999999976,1,1,1.0
68,4,860.08,225.2,99.91999999999996,84.06,1,1,1.0
69,2,210.97,255.64,93.03,40.620000000000005,1,1,1.0
69,4,853.82,225.2,106.17999999999995,85.84000000000003,1,1,1.0
70,2,210.98,255.74,93.03,40.620000000000005,1,1,1.0
70,4,847.56,225.2,112.44000000000005,87.62,1,1,1.0
71,2,211.0,255.84,93.02999999999997,40.619999999999976,1,1,1.0
71,4,841.3,225.2,118.70000000000005,89.40000000000003,1,1,1.0
72,2,211.02,255.94,93.03,40.620000000000005,1,1,1.0
72,4,834.17,226.5,124.05000000000007,89.79000000000002,1,1,1.0
73,2,211.03,256.04,93.03,40.620000000000005,1,1,1.0
73,4,827.03,227.8,129.41000000000008,90.18,1,1,1.0
74,2,211.05,256.14,93.02999999999997,40.620000000000005,1,1,1.0
74,4,819.9,229.1,134.76,90.57000000000002,1,1,1.0
75,2,211.06,256.24,93.04000000000002,40.620000000000005,1,1,1.0
75,4,812.76,230.4,140.12,90.96000000000001,1,1,1.0
76,2,211.08,256.34,93.03,40.620000000000005,1,1,1.0
76,4,805.63,231.7,145.47000000000003,91.35000000000002,1,1,1.0
77,2,211.1,256.45,93.03,40.620000000000005,1,1,1.0
77,4,798.49,233.0,150.83000000000004,91.74000000000001,1,1,1.0
78,2,211.07,256.42,93.03000000000003,40.620000000000005,1,1,1.0
78,4,791.36,234.3,156.17999999999995,92.13,1,1,1.0
79,2,211.05,256.4,93.02999999999997,40.620000000000005,1,1,1.0
79,4,784.23,235.6,161.52999999999997,92.52000000000001,1,1,1.0
80,2,211.02,256.38,93.03,40.610000000000014,1,1,1.0
80,4,777.09,236.9,166.89,92.91,1,1,1.0
81,2,211.0,256.35,93.02999999999997,40.620000000000005,1,1,1.0
81,4,769.96,238.2,172.24,93.30000000000001,1,1,1.0
81,5,751.61,261.3,24.18999999999994,28.329999999999984,1,1,0.0
81,6,940.65,238.28,10.550000000000068,30.53,1,1,0.0
82,2,210.97,256.33,93.03,40.620000000000005,1,1,1.0
82,4,759.77,239.11,176.15999999999997,94.74000000000001,1,1,1.0
82,5,740.63,261.69,26.360000000000014,29.079999999999984,1,1,0.0
82,6,932.74,238.91,12.299999999999955,30.840000000000003,1,1,0.0
83,2,210.95,256.3,93.03000000000003,40.620000000000005,1,1,1.0
83,4,749.59,240.02,180.06999999999994,96.18999999999997,1,1,1.0
83,5,729.64,262.08,28.539999999999964,29.83000000000004,1,1,0.0
83,6,924.82,239.54,14.049999999999955,31.140000000000015,1,1,0.0
84,2,210.92,256.28,93.03,40.620000000000005,1,1,1.0
84,4,739.4,240.93,183.99,97.63,1,1,1.0
84,5,718.66,262.47,30.710000000000036,30.569999999999993,1,1,0.0
84,6,916.91,240.17,15.790000000000077,31.440000000000026,1,1,0.0
85,2,210.9,256.26,93.03,40.620000000000005,1,1,1.0
85,4,729.21,241.84,187.90999999999997,99.07000000000002,1,1,1.0
85,5,707.67,262.86,32.889999999999986,31.319999999999993,1,1,0.0
85,6,908.99,240.81,17.549999999999955,31.730000000000018,1,1,0.0
86,2,210.87,256.23,93.02999999999997,40.620000000000005,1,1,1.0
86,4,719.03,242.75,191.82000000000005,100.50999999999999,1,1,1.0
86,5,696.69,263.25,35.059999999999945,32.06999999999999,1,1,0.0
86,6,901.08,241.44,19.289999999999964,32.03000000000003,1,1,0.0
87,2,210.85,256.21,93.03,40.620000000000005,1,1,1.0
87,4,708.84,243.66,195.74,101.96000000000001,1,1,1.0
87,5,685.7,263.64,37.24000000000001,32.81,1,1,0.0
87,6,893.16,242.07,21.040000000000077,32.329999999999984,1,1,0.0
88,2,210.82,256.19,93.03000000000003,40.620000000000005,1,1,1.0
88,4,698.66,244.57,199.64999999999998,103.40000000000003,1,1,1.0
88,5,674.72,264.03,39.40999999999997,33.56,1,1,0.0
88,6,885.25,242.7,22.779999999999973,32.629999999999995,1,1,0.0
89,2,210.8,256.16,93.02999999999997,40.61999999999995,1,1,1.0
89,4,688.47,245.48,203.56999999999994,104.84,1,1,1.0
89,5,663.73,264.42,41.59000000000003,34.31,1,1,0.0
89,6,877.33,243.34,24.539999999999964,32.92999999999998,1,1,0.0
90,2,210.77,256.14,93.03,40.620000000000005,1,1,1.0
90,4,678.29,246.39,207.48000000000002,106.29000000000002,1,1,1.0
90,5,652.75,264.81,43.75999999999999,35.05000000000001,1,1,0.0
90,6,869.42,243.97,26.280000000000086,33.22999999999999,1,1,0.0
91,2,210.75,256.12,93.02999999999997,40.620000000000005,1,1,1.0
91,4,668.1,247.3,211.39999999999998,107.72999999999996,1,1,1.0
91,5,641.76,265.2,45.940000000000055,35.80000000000001,1,1,0.0
91,6,861.5,244.6,28.029999999999973,33.53,1,1,0.0
92,2,210.72,256.09,93.03,40.620000000000005,1,1,1.0
92,4,655.89,248.45,216.0,109.34000000000003,1,1,1.0
92,5,628.78,265.67,50.79000000000008,35.66999999999996,1,1,0.0
92,6,849.99,245.33,31.0,33.53999999999999,1,1,0.0
93,2,210.7,256.07,93.03000000000003,40.620000000000005,1,1,1.0
93,4,643.68,249.6,220.60000000000002,110.95000000000002,1,1,1.0
93,5,615.79,266.14,55.65000000000009,35.55000000000001,1,1,0.0
93,6,838.48,246.06,33.97000000000003,33.56,1,1,0.0
94,2,210.67,256.05,93.03,40.620000000000005,1,1,1.0
94,4,631.46,250.75,225.20999999999992,112.56,1,1,1.0
94,5,602.81,266.61,60.5,35.41999999999996,1,1,0.0
94,6,826.97,246.79,36.92999999999995,33.58000000000001,1,1,0.0
95,2,210.65,256.02,93.03,40.620000000000005,1,1,1.0
95,4,619.25,251.9,229.80999999999995,114.16,1,1,1.0
95,5,589.82,267.08,65.3599999999999,35.30000000000001,1,1,0.0
95,6,815.47,247.52,39.889999999999986,33.59,1,1,0.0
96,2,210.62,256.0,93.02999999999997,40.620000000000005,1,1,1.0
96,4,607.04,253.05,234.41000000000008,115.76999999999998,1,1,1.0
96,5,576.84,267.55,70.20999999999992,35.170000000000016,1,1,0.0
96,6,803.96,248.25,42.860000000000014,33.610000000000014,1,1,0.0
97,2,210.6,255.98,93.03,40.62000000000003,1,1,1.0
97,4,594.83,254.2,239.01,117.38,1,1,1.0
97,5,563.85,268.02,75.06999999999994,35.04000000000002,1,1,0.0
97,6,792.45,248.98,45.819999999999936,33.630000000000024,1,1,0.0
98,2,210.57,255.95,93.03000000000003,40.620000000000005,1,1,1.0
98,4,582.62,255.35,243.61,118.98999999999998,1,1,1.0
98,5,550.87,268.49,79.91999999999996,34.920000000000016,1,1,0.0
98,6,780.94,249.71,48.789999999999964,33.640000000000015,1,1,0.0
99,2,210.55,255.93,93.02999999999997,40.620000000000005,1,1,1.0
99,4,570.4,256.5,248.22000000000003,120.60000000000002,1,1,1.0
99,5,537.88,268.96,84.77999999999997,34.79000000000002,1,1,0.0
99,6,769.43,250.44,51.760000000000105,33.660000000000025,1,1,0.0
100,2,210.52,255.91,93.03,40.619999999999976,1,1,1.0
100,4,558.19,257.65,252.81999999999994,122.21000000000004,1,1,1.0
100,5,524.89,269.43,89.63999999999999,34.670000000000016,1,1,0.0
100,6,757.92,251.17,54.72000000000003,33.680000000000035,1,1,0.0
101,2,210.5,255.88,93.02999999999997,40.620000000000005,1,1,1.0
101,4,545.98,258.8,257.41999999999996,123.82,1,1,1.0
101,5,511.91,269.9,94.48999999999995,34.54000000000002,1,1,0.0
101,6,746.42,251.9,57.680000000000064,33.68999999999997,1,1,0.0
102,2,210.47,255.86,93.03,40.620000000000005,1,1,1.0
102,4,530.9,260.37,263.1,126.39999999999998,1,1,1.0
102,5,497.98,270.76,95.75999999999999,34.75,1,1,0.0
102,6,732.55,252.35,61.22000000000003,34.130000000000024,1,1,0.0
103,2,210.45,255.84,93.03000000000003,40.619999999999976,1,1,1.0
103,4,515.83,261.93,268.77,129.0,1,1,1.0
103,5,484.05,271.62,97.03000000000003,34.96999999999997,1,1,0.0
103,6,718.69,252.8,64.75,34.579999999999984,1,1,0.0
104,2,210.42,255.81,93.03,40.620000000000005,1,1,1.0
104,4,500.75,263.5,274.44000000000005,131.57999999999998,1,1,1.0
104,5,470.12,272.48,98.29999999999995,35.18000000000001,1,1,0.0
104,6,704.83,253.25,68.27999999999997,35.01999999999998,1,1,0.0
105,2,210.4,255.79,93.03,40.62000000000003,1,1,1.0
105,4,485.68,265.06,280.10999999999996,134.18,1,1,1.0
105,5,456.19,273.34,99.57,35.400000000000034,1,1,0.0
105,6,690.97,253.7,71.80999999999995,35.460000000000036,1,1,0.0
106,2,210.37,255.77,93.02999999999997,40.619999999999976,1,1,1.0
106,4,470.6,266.63,285.78999999999996,136.76,1,1,1.0
106,5,442.26,274.2,100.84000000000003,35.610000000000014,1,1,0.0
106,6,677.11,254.15,75.34000000000003,35.900000000000006,1,1,0.0
107,2,210.35,255.74,93.03,40.620000000000005,1,1,1.0
107,4,455.52,268.2,291.47,139.35000000000002,1,1,1.0
107,5,428.33,275.06,102.11000000000007,35.81999999999999,1,1,0.0
107,6,663.25,254.6,78.87,36.34,1,1,0.0
108,2,210.32,255.72,93.03000000000003,40.619999999999976,1,1,1.0
108,4,440.45,269.76,297.14000000000004,141.94,1,1,1.0
108,5,414.4,275.92,103.38,36.039999999999964,1,1,0.0
108,6,649.38,255.05,82.40999999999997,36.789999999999964,1,1,0.0
109,2,210.3,255.7,93.02999999999997,40.620000000000005,1,1,1.0
109,4,425.37,271.33,302.80999999999995,144.53000000000003,1,1,1.0
109,5,400.47,276.78,104.64999999999998,36.25,1,1,0.0
109,6,635.52,255.5,85.94000000000005,37.23000000000002,1,1,0.0
110,2,210.27,255.67,93.03,40.62000000000003,1,1,1.0
110,4,410.29,272.89,308.48999999999995,147.12,1,1,1.0
110,5,386.54,277.64,105.91999999999996,36.47000000000003,1,1,0.0
110,6,621.66,255.95,89.47000000000003,37.670000000000016,1,1,0.0
111,2,210.24,255.65,93.03999999999996,40.619999999999976,1,1,1.0
111,4,395.22,274.46,314.15999999999997,149.71000000000004,1,1,1.0
111,5,372.61,278.5,107.19,36.68000000000001,1,1,0.0
111,6,607.8,256.4,93.0,38.110000000000014,1,1,0.0
111,7,924.07,214.33,35.319999999999936,55.22,1,1,0.0
112,2,210.22,255.62,93.03,40.620000000000005,1,1,1.0
112,4,375.3,276.24,322.96999999999997,153.51,1,1,1.0
112,5,357.18,279.48,108.23000000000002,36.72999999999996,1,1,0.0
112,6,593.58,257.15,94.32999999999993,38.23000000000002,1,1,0.0
112,7,919.04,214.58,39.30000000000007,55.569999999999965,1,1,0.0
113,2,210.19,255.6,93.04000000000002,40.62000000000003,1,1,1.0
113,4,355.39,278.02,331.77,157.31,1,1,1.0
113,5,341.75,280.46,109.26999999999998,36.78000000000003,1,1,0.0
113,6,579.36,257.9,95.65999999999997,38.34000000000003,1,1,0.0
113,7,914.02,214.82,43.26999999999998,55.93000000000001,1,1,0.0
114,2,210.17,255.58,93.03,40.619999999999976,1,1,1.0
114,4,335.47,279.8,340.5799999999999,161.11,1,1,1.0
114,5,326.33,281.44,110.30000000000001,36.839999999999975,1,1,0.0
114,6,565.14,258.65,96.99000000000001,38.450000000000045,1,1,0.0
114,7,908.99,215.07,47.25,56.26999999999998,1,1,0.0
115,2,210.14,255.55,93.04000000000002,40.620000000000005,1,1,1.0
115,4,315.55,281.59,349.39000000000004,164.90000000000003,1,1,1.0
115,5,310.9,282.42,111.34000000000003,36.889999999999986,1,1,0.0
115,6,550.93,259.4,98.31000000000006,38.57000000000005,1,1,0.0
115,7,903.97,215.32,51.22000000000003,56.620000000000005,1,1,0.0
116,2,210.12,255.53,93.02999999999997,40.619999999999976,1,1,1.0
116,4,295.64,283.37,358.19000000000005,168.7,1,1,1.0
116,5,295.47,283.4,112.38,36.94,1,1,0.0
116,6,536.71,260.15,99.63999999999999,38.68000000000001,1,1,0.0
116,7,898.94,215.56,55.19999999999993,56.98000000000002,1,1,0.0
117,2,210.09,255.51,93.03999999999999,40.620000000000005,1,1,1.0
117,4,275.72,285.15,367.0,172.5,1,1,1.0
117,5,280.05,284.38,113.40999999999997,36.99000000000001,1,1,0.0
117,6,522.49,260.9,100.97000000000003,38.79000000000002,1,1,0.0
117,7,893.92,215.81,59.180000000000064,57.31999999999999,1,1,0.0
118,2,210.07,255.48,93.03000000000003,40.62000000000003,1,1,1.0
118,4,255.8,286.93,375.81,176.3,1,1,1.0
118,5,264.62,285.36,114.44999999999999,37.039999999999964,1,1,0.0
118,6,508.27,261.65,102.30000000000007,38.910000000000025,1,1,0.0
118,7,888.89,216.06,63.15999999999997,57.670000000000016,1,1,0.0
119,2,210.04,255.46,93.03999999999999,40.619999999999976,1,1,1.0
119,4,235.89,288.71,384.61,180.10000000000002,1,1,1.0
119,5,249.19,286.34,115.49000000000001,37.10000000000002,1,1,0.0
119,6,494.06,262.4,103.61999999999995,39.02000000000004,1,1,0.0
119,7,883.87,216.31,67.13,58.01999999999998,1,1,0.0
120,2,210.02,255.44,93.03,40.620000000000005,1,1,1.0
120,4,215.97,290.49,393.41999999999996,183.89999999999998,1,1,1.0
120,5,233.77,287.32,116.52000000000001,37.150000000000034,1,1,0.0
120,6,479.84,263.15,104.94999999999999,39.129999999999995,1,1,0.0
120,7,878.84,216.55,71.11000000000001,58.379999999999995,1,1,0.0
121,2,209.99,255.41,93.03999999999996,40.619999999999976,1,1,1.0
121,4,196.05,292.28,402.22999999999996,187.70000000000005,1,1,1.0
121,5,218.34,288.3,117.55999999999997,37.19999999999999,1,1,1.0
121,6,465.62,263.9,106.27999999999997,39.25,1,1,0.0
121,7,873.82,216.8,75.07999999999993,58.71999999999997,1,1,1.0
122,2,209.97,255.39,93.03,40.620000000000005,1,1,1.0
122,4,176.45,294.95,407.46999999999997,191.0,1,1,1.0
122,5,200.69,289.3,118.69,38.06,1,1,1.0
122,6,450.77,264.63,107.68000000000006,40.18000000000001,1,1,0.0
122,7,868.02,217.2,76.18000000000006,59.120000000000005,1,1,1.0
123,2,209.94,255.37,93.04000000000002,40.620000000000005,1,1,1.0
123,4,156.84,297.62,412.7199999999999,194.3,1,1,1.0
123,5,183.04,290.3,119.82000000000002,38.920000000000016,1,1,1.0
123,6,435.91,265.36,109.08999999999997,41.120000000000005,1,1,0.0
123,7,862.23,217.6,77.26999999999998,59.53,1,1,1.0
124,2,209.92,255.34,93.03,40.619999999999976,1,1,1.0
124,4,137.24,300.29,417.96000000000004,197.60999999999996,1,1,1.0
124,5,165.39,291.3,120.94999999999999,39.77999999999997,1,1,1.0
124,6,421.06,266.09,110.48999999999995,42.05000000000001,1,1,0.0
124,7,856.43,218.0,78.37,59.93000000000001,1,1,1.0
125,2,209.89,255.32,93.04000000000002,40.620000000000005,1,1,1.0
125,4,117.63,302.97,423.22,200.89999999999998,1,1,1.0
125,5,147.74,292.3,122.07999999999998,40.639999999999986,1,1,1.0
125,6,406.21,266.82,111.89000000000004,42.99000000000001,1,1,0.0
125,7,850.64,218.4,79.46000000000004,60.33000000000001,1,1,1.0
126,2,209.87,255.3,93.02999999999997,40.620000000000005,1,1,1.0
126,4,98.03,305.64,428.46000000000004,204.2,1,1,1.0
126,5,130.09,293.3,123.21000000000001,41.5,1,1,1.0
126,6,391.36,267.55,113.28999999999996,43.920000000000016,1,1,0.0
126,7,844.84,218.8,80.55999999999995,60.72999999999996,1,1,1.0
127,2,209.84,255.27,93.03999999999999,40.619999999999976,1,1,1.0
127,4,78.42,308.31,433.71,207.51000000000005,1,1,1.0
127,5,112.44,294.3,124.34,42.360000000000014,1,1,1.0
127,6,376.51,268.28,114.69,44.860000000000014,1,1,0.0
127,7,839.05,219.2,81.65000000000009,61.139999999999986,1,1,1.0
128,2,209.9,254.89,93.03,40.620000000000005,1,1,1.0
128,4,58.82,310.98,438.95,210.80999999999995,1,1,1.0
128,5,94.79,295.3,125.46999999999998,43.21999999999997,1,1,1.0
128,6,361.65,269.01,116.10000000000002,45.79000000000002,1,1,0.0
128,7,833.25,219.6,82.75,61.53999999999999,1,1,1.0
129,2,209.95,254.5,93.04000000000002,40.620000000000005,1,1,1.0
129,4,39.21,313.66,444.21000000000004,214.10999999999996,1,1,1.0
129,5,77.15,296.3,126.59,44.079999999999984,1,1,1.0
129,6,346.8,269.74,117.5,46.73000000000002,1,1,0.0
129,7,827.46,220.0,83.83999999999992,61.94,1,1,1.0
130,2,210.01,254.11,93.03000000000003,40.620000000000005,1,1,1.0
130,4,19.61,316.33,449.45,217.41000000000003,1,1,1.0
130,5,59.5,297.3,127.72,44.94,1,1,1.0
130,6,331.95,270.47,118.90000000000003,47.65999999999997,1,1,0.0
130,7,821.66,220.4,84.94000000000005,62.34,1,1,1.0
131,2,210.06,253.73,93.04000000000002,40.62000000000003,1,1,1.0
131,4,0.0,319.0,454.7,220.71000000000004,1,1,1.0
131,5,41.85,298.3,128.85,45.80000000000001,1,1,1.0
131,6,317.1,271.2,120.29999999999995,48.60000000000002,1,1,0.0
131,7,815.86,220.8,86.03999999999996,62.75,1,1,1.0
132,2,210.12,253.34,93.02999999999997,40.619999999999976,1,1,1.0
132,4,0.0,321.68,437.78,218.03000000000003,1,1,1.0
132,5,33.48,299.79,119.14000000000001,45.799999999999955,1,1,1.0
132,6,301.27,272.36,120.97000000000003,49.829999999999984,1,1,0.0
132,7,808.6,221.4,87.16999999999996,63.01000000000002,1,1,1.0
133,2,210.18,252.95,93.02999999999997,40.620000000000005,1,1,1.0
133,4,0.0,324.36,420.86,215.35000000000002,1,1,1.0
133,5,25.11,301.28,109.42,45.80000000000001,1,1,1.0
133,6,285.45,273.52,121.63,51.05000000000001,1,1,0.0
133,7,801.35,222.0,88.28999999999996,63.27999999999997,1,1,1.0
134,2,210.23,252.56,93.03,40.620000000000005,1,1,1.0
134,4,0.0,327.04,403.94,212.67000000000002,1,1,1.0
134,5,16.74,302.76,99.71000000000001,45.80000000000001,1,1,1.0
134,6,269.63,274.68,122.29000000000002,52.27999999999997,1,1,0.0
134,7,794.09,222.6,89.41999999999996,63.53999999999999,1,1,1.0
135,2,210.29,252.18,93.03,40.620000000000005,1,1,1.0
135,4,0.0,329.72,387.02,209.99,1,1,1.0
135,5,8.37,304.25,89.99,45.80000000000001,1,1,1.0
135,6,253.81,275.84,122.94999999999999,53.51000000000005,1,1,0.0
135,7,786.83,223.2,90.54999999999995,63.81,1,1,1.0
136,2,210.34,251.79,93.03,40.62000000000003,1,1,0.0
136,4,0.0,332.4,370.1,207.31000000000006,1,1,1.0
136,5,0.0,305.74,80.28,45.80000000000001,1,1,0.0
136,6,237.98,277.0,123.62000000000003,54.73000000000002,1,1,0.0
136,7,779.57,223.8,91.67999999999995,64.07999999999998,1,1,1.0
136,8,693.7,515.75,119.66999999999996,24.25,1,1,0.0
137,2,209.84,255.27,93.03999999999999,40.619999999999976,1,1,0.0
137,4,0.0,336.46,348.5,203.25000000000006,1,1,1.0
137,5,0.0,305.74,80.28,45.80000000000001,1,1,0.0
137,6,220.66,278.04,125.06000000000003,54.89999999999998,1,1,0.0
137,7,772.31,224.4,92.81000000000006,64.34,1,1,1.0
137,8,703.19,510.38,119.67999999999995,29.620000000000005,1,1,0.0
138,2,209.9,254.89,93.03,40.620000000000005,1,1,0.0
138,4,0.0,340.52,326.9,199.19000000000005,1,1,1.0
138,5,0.0,305.74,80.28,45.80000000000001,1,1,0.0
138,6,203.33,279.08,126.50999999999996,55.06999999999999,1,1,0.0
138,7,765.05,225.0,93.94000000000005,64.61000000000001,1,1,1.0
138,8,712.68,505.02,119.68000000000006,34.98000000000002,1,1,0.0
139,2,209.95,254.5,93.04000000000002,40.620000000000005,1,1,0.0
139,4,0.0,344.58,305.3,195.13000000000005,1,1,1.0
139,5,0.0,305.74,80.28,45.80000000000001,1,1,0.0
139,6,186.0,280.12,127.95999999999998,55.23000000000002,1,1,0.0
139,7,757.79,225.6,95.07000000000005,64.87000000000003,1,1,1.0
139,8,722.17,499.65,119.68000000000006,40.35000000000002,1,1,0.0
140,2,210.01,254.11,93.03000000000003,40.620000000000005,1,1,0.0
140,4,0.0,348.64,283.7,191.07000000000005,1,1,1.0
140,5,0.0,305.74,80.28,45.80000000000001,1,1,0.0
140,6,168.68,281.16,129.39999999999998,55.39999999999998,1,1,0.0
140,7,750.53,226.2,96.20000000000005,65.13999999999999,1,1,1.0
140,8,731.66,494.29,119.68000000000006,45.70999999999998,1,1,0.0
141,2,210.06,253.73,93.04000000000002,40.62000000000003,1,1,0.0
141,4,0.0,352.7,262.1,187.01000000000005,1,1,1.0
141,6,151.35,282.2,130.85,55.56999999999999,1,1,0.0
141,7,743.27,226.8,97.33000000000004,65.39999999999998,1,1,1.0
141,8,741.15,488.92,119.69000000000005,51.079999999999984,1,1,0.0
142,2,210.12,253.34,93.02999999999997,40.619999999999976,1,1,0.0
142,4,0.0,356.76,240.5,182.95000000000005,1,1,1.0
142,6,134.02,283.24,132.29999999999998,55.73000000000002,1,1,0.0
142,7,735.01,226.84,98.37,65.63000000000002,1,1,1.0
142,8,750.64,483.56,119.69000000000005,56.44,1,1,0.0
143,2,210.18,252.95,93.02999999999997,40.620000000000005,1,1,0.0
143,4,0.0,360.82,218.9,178.89000000000004,1,1,1.0
143,6,116.7,284.28,133.74,55.900000000000034,1,1,0.0
143,7,726.75,226.88,99.40999999999997,65.86000000000001,1,1,1.0
143,8,760.13,478.19,119.69000000000005,61.81,1,1,0.0
144,2,210.23,252.56,93.03,40.620000000000005,1,1,0.0
144,4,0.0,364.88,197.3,174.83000000000004,1,1,1.0
144,6,99.37,285.32,135.19,56.06999999999999,1,1,0.0
144,7,718.49,226.92,100.45000000000005,66.08000000000001,1,1,1.0
144,8,769.62,472.83,119.68999999999994,67.17000000000002,1,1,0.0
145,2,210.29,252.18,93.03,40.620000000000005,1,1,0.0
145,4,0.0,368.94,175.7,170.77000000000004,1,1,1.0
145,6,82.05,286.36,136.63,56.22999999999996,1,1,0.0
145,7,710.23,226.96,101.49000000000001,66.30999999999997,1,1,1.0
145,8,779.11,467.46,119.69999999999993,72.54000000000002,1,1,0.0
146,2,210.34,251.79,93.03,40.62000000000003,1,1,1.0
146,4,0.0,373.0,154.1,166.71000000000004,1,1,0.0
146,6,64.72,287.4,138.08,56.400000000000034,1,1,1.0
146,7,701.97,227.0,102.52999999999997,66.54000000000002,1,1,1.0
146,8,788.6,462.1,119.69999999999993,77.89999999999998,1,1,0.0
147,2,210.34,252.26,93.11999999999998,40.73000000000002,1,1,1.0
147,4,0.0,378.63,128.53,161.08000000000004,1,1,0.0
147,6,48.54,288.63,137.04000000000002,57.170000000000016,1,1,1.0
147,7,692.9,227.37,103.97000000000003,67.04000000000002,1,1,1.0
147,8,796.74,457.88,118.60000000000002,78.36000000000001,1,1,0.0
148,2,210.34,252.72,93.20000000000002,40.849999999999994,1,1,1.0
148,4,0.0,384.27,102.97,155.44000000000005,1,1,0.0
148,6,32.36,289.87,136.0,57.93000000000001,1,1,1.0
148,7,683.82,227.74,105.41999999999996,67.55000000000001,1,1,1.0
148,8,804.88,453.66,117.5,78.82,1,1,0.0
149,2,210.34,253.18,93.28999999999999,40.96999999999997,1,1,1.0
149,4,0.0,389.9,77.4,149.81000000000006,1,1,0.0
149,6,16.18,291.1,134.95999999999998,58.69999999999999,1,1,1.0
149,7,674.74,228.11,106.87,68.06,1,1,1.0
149,8,813.02,449.44,116.39999999999998,79.28000000000003,1,1,0.0
150,2,210.34,253.65,93.36999999999998,41.08000000000001,1,1,1.0
150,4,0.0,387.49,88.36,152.22000000000003,1,1,0.0
150,6,0.0,292.33,133.92,59.47000000000003,1,1,1.0
150,7,665.66,228.48,108.32000000000005,68.56000000000003,1,1,1.0
150,8,821.16,445.22,115.30000000000007,79.74000000000001,1,1,0.0
151,2,210.34,254.11,93.45000000000002,41.19999999999999,1,1,1.0
151,4,0.0,385.07,99.31,154.64000000000004,1,1,0.0
151,6,0.0,293.56,116.7,58.95999999999998,1,1,1.0
151,7,656.59,228.85,109.75999999999999,69.07000000000002,1,1,1.0
151,8,829.3,441.0,114.20000000000005,80.20000000000005,1,1,1.0
152,2,210.34,254.58,93.53999999999999,41.319999999999965,1,1,1.0
152,6,0.0,294.8,99.48,58.44,1,1,1.0
152,7,647.51,229.22,111.21000000000004,69.57000000000002,1,1,1.0
152,8,837.52,436.11,110.10000000000002,80.19999999999993,1,1,1.0
153,2,210.34,255.04,93.61999999999998,41.440000000000026,1,1,1.0
153,6,0.0,296.03,82.26,57.93000000000001,1,1,1.0
153,7,638.43,229.59,112.66000000000008,70.08000000000001,1,1,1.0
153,8,845.74,431.22,106.00999999999999,80.19999999999999,1,1,1.0
154,2,210.34,255.51,93.71000000000001,41.55000000000001,1,1,1.0
154,6,0.0,297.26,65.04,57.43000000000001,1,1,1.0
154,7,629.35,229.96,114.11000000000001,70.59,1,1,1.0
154,8,853.96,426.32,101.91999999999996,80.19999999999999,1,1,1.0
155,2,210.34,255.97,93.78999999999999,41.66999999999999,1,1,1.0
155,6,0.0,298.5,47.82,56.910000000000025,1,1,1.0
155,7,620.28,230.33,115.55000000000007,71.09,1,1,1.0
155,8,862.18,421.43,97.82000000000005,80.19999999999999,1,1,0.0
156,2,210.34,256.44,93.88000000000002,41.78000000000003,1,1,1.0
156,6,0.0,299.73,30.6,56.39999999999998,1,1,0.0
156,7,611.2,230.7,117.0,71.60000000000002,1,1,1.0
156,8,868.4,418.38,91.60000000000002,78.09000000000003,1,1,0.0
157,2,210.34,256.9,93.96000000000001,41.900000000000034,1,1,1.0
157,7,600.81,231.32,117.85000000000002,71.70999999999998,1,1,1.0
157,8,874.62,415.32,85.38,75.98000000000002,1,1,0.0
158,2,210.34,256.72,93.92999999999998,41.85999999999996,1,1,1.0
158,7,590.42,231.94,118.70000000000005,71.82,1,1,1.0
158,8,880.85,412.27,79.14999999999998,73.87,1,1,0.0
159,2,210.34,256.55,93.9,41.81,1,1,1.0
159,7,580.03,232.56,119.55000000000007,71.93,1,1,1.0
159,8,887.07,409.22,72.92999999999995,71.75999999999999,1,1,0.0
160,2,210.34,256.37,93.85999999999999,41.76999999999998,1,1,1.0
160,7,569.64,233.18,120.39999999999998,72.04000000000002,1,1,1.0
160,8,893.29,406.17,66.71000000000004,69.64999999999998,1,1,0.0
161,2,210.34,256.2,93.83000000000001,41.72000000000003,1,1,1.0
161,7,559.25,233.8,121.25,72.14999999999998,1,1,1.0
161,8,899.51,403.11,60.49000000000001,67.53999999999996,1,1,0.0
162,2,210.34,256.02,93.79999999999998,41.68000000000001,1,1,1.0
162,7,548.86,234.42,122.10000000000002,72.26000000000002,1,1,1.0
162,8,905.73,400.06,54.26999999999998,65.43,1,1,0.0
163,2,210.34,255.84,93.77000000000001,41.640000000000015,1,1,1.0
163,7,538.47,235.04,122.94999999999993,72.37000000000003,1,1,1.0
163,8,911.96,397.01,48.039999999999964,63.31999999999999,1,1,0.0
164,2,210.34,255.67,93.73999999999998,41.59,1,1,1.0
164,7,528.08,235.66,123.79999999999995,72.47999999999999,1,1,1.0
164,8,918.18,393.96,41.82000000000005,61.200000000000045,1,1,0.0
165,2,210.34,255.49,93.70000000000002,41.55000000000001,1,1,1.0
165,7,517.69,236.28,124.64999999999998,72.59,1,1,1.0
165,8,924.4,390.9,35.60000000000002,59.10000000000002,1,1,0.0
166,2,210.34,255.31,93.66999999999999,41.50999999999999,1,1,1.0
166,7,507.3,236.9,125.49999999999994,72.70000000000002,1,1,0.0
166,8,924.4,390.9,35.60000000000002,59.10000000000002,1,1,0.0
167,2,210.34,255.14,93.64000000000001,41.460000000000036,1,1,1.0
167,7,495.5,237.13,126.71000000000004,73.44999999999999,1,1,0.0
167,8,924.4,390.9,35.60000000000002,59.10000000000002,1,1,0.0
168,2,210.34,254.96,93.60999999999999,41.41999999999999,1,1,1.0
168,7,483.7,237.36,127.92000000000002,74.19999999999999,1,1,0.0
168,8,924.4,390.9,35.60000000000002,59.10000000000002,1,1,0.0
169,2,210.34,254.79,93.58000000000001,41.37000000000003,1,1,1.0
169,7,471.9,237.59,129.13,74.95000000000002,1,1,0.0
169,8,924.4,390.9,35.60000000000002,59.10000000000002,1,1,0.0
170,2,210.34,254.61,93.53999999999999,41.329999999999984,1,1,1.0
170,7,460.1,237.82,130.34000000000003,75.69,1,1,0.0
170,8,924.4,390.9,35.60000000000002,59.10000000000002,1,1,0.0
171,2,210.34,254.43,93.51000000000002,41.29000000000002,1,1,1.0
171,7,448.3,238.05,131.55,76.44,1,1,0.0
171,8,924.4,390.9,35.60000000000002,59.10000000000002,1,1,0.0
172,2,210.34,254.26,93.47999999999999,41.24000000000001,1,1,1.0
172,7,436.5,238.28,132.76,77.19000000000003,1,1,0.0
173,2,210.34,254.08,93.45000000000002,41.18999999999997,1,1,1.0
173,7,424.7,238.51,133.96999999999997,77.94,1,1,0.0
174,2,210.34,253.9,93.41999999999999,41.150000000000006,1,1,1.0
174,7,412.9,238.74,135.18000000000006,78.69,1,1,0.0
175,2,210.34,253.73,93.38000000000002,41.099999999999994,1,1,1.0
175,7,401.1,238.97,136.39,79.44000000000003,1,1,0.0
176,2,210.34,253.55,93.35,41.06,1,1,1.0
176,7,389.3,239.2,137.59999999999997,80.19,1,1,1.0
177,2,210.34,253.38,93.32000000000002,41.00999999999999,1,1,1.0
177,7,378.24,239.46,137.99,80.35999999999999,1,1,1.0
178,2,210.34,253.2,93.28999999999999,40.97000000000003,1,1,1.0
178,7,367.18,239.72,138.38,80.53,1,1,1.0
179,2,210.34,253.02,93.26000000000002,40.92999999999998,1,1,1.0
179,7,356.13,239.98,138.76,80.70000000000002,1,1,1.0
180,2,210.34,252.85,93.22999999999999,40.880000000000024,1,1,1.0
180,7,345.07,240.24,139.15000000000003,80.87,1,1,1.0
181,2,210.34,252.67,93.18999999999997,40.84,1,1,1.0
181,7,334.02,240.5,139.53000000000003,81.04000000000002,1,1,1.0
182,2,210.34,252.5,93.16,40.79000000000002,1,1,1.0
182,7,322.96,240.76,139.92000000000002,81.21000000000004,1,1,1.0
183,2,210.34,252.32,93.13000000000002,40.75,1,1,1.0
183,7,311.91,241.02,140.29999999999995,81.39000000000001,1,1,1.0
184,2,210.34,252.14,93.1,40.710000000000036,1,1,1.0
184,7,300.85,241.28,140.69,81.55999999999997,1,1,1.0
185,2,210.34,251.97,93.07000000000002,40.66,1,1,1.0
185,7,289.79,241.54,141.07999999999998,81.72999999999999,1,1,1.0
186,2,210.34,251.79,93.03,40.62000000000003,1,1,0.0
186,7,278.74,241.8,141.45999999999998,81.89999999999998,1,1,1.0
187,2,210.34,251.79,93.03,40.62000000000003,1,1,0.0
187,7,266.38,242.97,143.62,81.80999999999997,1,1,1.0
188,2,210.34,251.79,93.03,40.62000000000003,1,1,0.0
188,7,254.01,244.15,145.79000000000002,81.70000000000002,1,1,1.0
189,2,210.34,251.79,93.03,40.62000000000003,1,1,0.0
189,7,241.65,245.32,147.95000000000002,81.61000000000001,1,1,1.0
190,2,210.34,251.79,93.03,40.62000000000003,1,1,0.0
190,7,229.29,246.5,150.10999999999999,81.5,1,1,1.0
